277
216
930
900
840
634
740
826
756
784
156
424
981
882
355
118
709
911
68
954
233
806
89
184
135
730
982
783
133
642
803
322
221
223
981
619
993
119
466
262
135
231
965
398
538
97
25
738
635
589
730
67
738
836
240
704
649
889
60
268
387
263
102
435
229
485
157
726
730
668
395
698
292
497
551
230
727
195
254
557
65
686
334
591
781
866
727
474
642
470
171
879
248
356
589
790
936
8
849
271
899
569
633
481
464
109
566
933
674
164
165
614
198
34
452
615
619
554
335
549
104
657
766
5
616
850
875
18
322
895
176
400
535
128
475
324
584
233
880
200
734
929
74
571
162
971
1000
263
627
645
840
156
461
211
814
253
373
127
144
33
796
855
324
459
731
933
77
419
875
977
101
968
367
434
328
226
548
438
537
432
726
533
775
243
222
994
750
317
198
577
755
294
226
487
131
398
986
900
832
783
120
923
740
397
423
394
856
665
732
465
745
268
32
931
569
638
551
536
363
698
138
790
521
719
965
379
800
177
214
185
25
423
948
65
284
765
362
13
380
423
527
646
733
29
235
498
933
174
902
966
282
91
432
421
566
463
938
26
571
1
703
153
552
320
251
31
608
344
808
163
65
226
184
966
336
260
219
403
729
652
165
7
541
837
217
857
951
223
198
895
689
649
719
871
716
477
993
246
648
485
273
691
816
824
447
635
939
501
569
189
276
959
38
502
197
580
97
956
273
572
25
117
300
891
946
578
178
896
598
873
275
741
884
440
637
249
646
61
488
811
80
249
98
288
16
144
675
752
434
816
796
936
937
730
737
984
711
680
602
213
385
360
307
776
127
813
996
885
81
917
729
260
1
499
319
328
526
294
178
750
164
20
51
503
822
153
698
893
24
148
248
303
839
623
293
809
574
967
674
974
275
455
28
381
262
651
652
360
663
170
152
10
355
70
363
73
13
75
361
876
62
7
816
118
223
619
910
620
237
329
926
838
77
64
727
779
405
771
350
311
404
188
908
244
545
402
795
221
887
263
81
749
126
831
587
217
50
676
15
904
456
177
424
817
147
220
437
319
967
825
902
745
168
202
215
521
898
32
289
41
844
482
565
5
11
80
981
200
355
3
73
408
932
485
687
424
581
177
489
402
195
596
914
255
287
516
424
420
425
914
503
24
625
952
405
738
732
557
685
145
928
966
971
264
886
663
875
309
851
566
177
518
866
847
962
974
412
242
608
415
906
524
460
479
113
765
683
694
662
724
420
489
700
606
645
175
956
524
798
100
680
151
4
4
453
140
980
255
195
147
90
119
704
493
72
940
767
653
290
297
818
637
630
546
675
71
455
481
176
355
674
321
378
430
650
502
871
851
798
676
419
57
402
412
819
388
693
715
128
620
291
210
719
706
967
280
77
242
268
431
673
393
397
573
697
603
592
723
439
543
733
141
775
18
236
245
654
49
341
954
8
853
861
874
814
308
610
817
880
683
448
971
680
8
888
602
748
108
605
123
227
305
823
707
182
850
51
95
414
901
379
90
989
178
236
391
491
491
681
648
235
972
430
799
223
469
134
461
565
266
698
359
211
856
830
761
30
759
931
409
740
503
978
93
737
724
449
847
53
376
907
648
645
282
749
565
449
977
75
377
667
788
962
37
897
112
618
293
389
663
969
604
551
628
102
512
439
666
248
453
519
611
765
261
521
256
814
823
89
310
630
951
127
308
780
896
854
711
304
977
346
210
651
753
271
612
794
364
156
698
852
956
155
85
602
100
936
982
454
536
474
982
630
228
386
791
819
721
148
336
26
634
255
660
563
605
204
889
549
438
463
311
656
592
993
498
914
280
523
217
274
722
955
594
477
273
831
304
587
187
96
554
744
685
973
423
839
562
231
604
234
870
834
25
82
547
397
784
442
582
722
877
660
360
897
150
881
899
833
563
989
110
943
317
625
150
261
897
365
149
687
647
358
347
893
46
103
494
990
641
765
418
651
788
949
798
70
923
373
582
385
980
141
149
179
3
231
572
935
52
262
755
431
523
667
543
223
188
840
361
247
15
758
28
333
610
549
880
237
406
12
650
661
412
354
501
574
172
691
592
24
810
723
363
38
884
420
23
893
147
547
631
760
880
900
486
613
386
718
363
36
932
638
533
842
379
314
793
411
790
129
767
999
815
372
466
264
508
863
61
800
511
620
493
140
623
626
387
439
841
629
116
565
918
198
693
681
982
886
803
323
269
33
518
594
336
39
171
901
333
615
99
78
736
755
551
526
824
638
363
251
619
269
47
602
367
355
836
101
562
908
962
118
457
900
785
976
701
62
125
400
566
316
740
380
437
723
967
200
878
279
537
176
488
231
640
858
635
412
59
976
384
137
370
641
878
14
613
861
729
566
369
194
927
416
918
963
18
15
229
140
842
81
453
822
629
456
846
507
511
157
695
74
584
913
917
665
211
276
199
775
652
680
931
243
438
557
808
990
864
202
328
906
78
597
861
615
388
162
731
197
417
658
366
12
792
276
767
600
793
844
656
475
499
801
595
210
167
641
47
758
827
172
541
882
2
769
653
229
729
397
312
59
53
2
927
761
804
443
734
750
85
248
646
280
962
531
72
890
579
279
214
108
306
620
848
188
65
480
905
399
216
840
334
884
681
38
11
591
330
380
582
370
518
623
766
29
802
988
932
746
214
645
677
910
433
426
43
547
830
492
931
339
72
216
514
148
690
929
35
359
684
178
429
811
161
50
527
966
291
838
695
318
114
311
793
730
232
272
300
118
677
975
922
143
634
413
888
243
494
711
363
343
674
224
271
984
584
940
304
569
523
864
100
655
70
727
457
890
266
292
762
241
134
396
528
645
493
291
140
819
152
981
806
254
822
835
743
351
380
658
933
603
942
940
655
933
711
132
873
315
76
382
297
967
723
759
922
173
683
307
799
219
497
897
45
668
991
734
889
619
614
79
287
703
145
155
670
390
735
52
673
572
872
601
892
711
380
929
236
273
357
162
464
59
124
732
636
847
210
73
854
545
819
708
711
746
404
151
132
793
121
988
332
319
833
229
420
723
842
712
42
788
781
752
587
299
859
528
805
488
793
766
985
567
946
647
675
487
229
36
557
876
624
432
823
483
575
497
876
857
607
95
387
879
335
740
846
465
348
232
887
19
849
255
115
583
117
986
787
521
147
519
307
965
517
479
445
788
929
909
500
61
940
209
516
801
167
733
474
215
449
762
521
234
235
690
117
991
986
857
340
15
858
91
32
380
55
451
32
11
778
973
360
421
281
398
310
403
882
994
242
812
17
271
841
521
1000
742
897
927
159
312
803
191
380
153
909
446
353
312
939
213
95
933
592
682
106
685
112
16
892
969
557
914
123
832
557
682
956
631
306
948
332
970
268
450
889
787
24
226
36
934
852
880
262
229
953
3
771
536
305
624
848
976
840
729
142
833
855
503
360
309
80
902
23
509
541
306
858
863
332
107
152
100
953
163
966
120
743
371
815
595
804
134
941
653
146
626
545
977
97
687
954
826
705
564
383
783
711
382
235
144
820
834
555
8
76
284
863
956
183
876
27
690
966
490
961
45
997
654
493
609
352
519
550
884
938
83
357
38
750
229
883
18
802
633
763
431
554
145
387
382
796
821
773
137
29
162
535
397
611
294
341
179
514
405
625
748
845
236
935
727
794
431
487
583
368
18
457
382
879
834
643
811
407
46
645
458
571
904
776
494
609
80
464
191
574
423
812
701
879
68
357
479
188
985
359
657
73
275
121
590
360
782
72
202
436
756
618
785
252
452
190
399
942
434
914
258
611
563
51
457
549
358
716
644
899
771
289
967
912
560
424
749
538
29
182
441
916
107
756
620
275
596
179
202
487
99
64
867
971
852
806
408
602
507
679
735
507
122
385
781
309
742
749
26
515
1
1
81
466
141
140
699
494
40
237
333
200
769
599
641
406
414
569
466
642
534
833
179
342
26
387
733
40
296
631
916
979
334
502
782
254
22
736
787
850
580
486
378
314
548
731
609
599
350
911
27
610
889
227
677
421
907
859
600
221
370
268
887
26
79
651
621
890
478
98
100
302
181
763
741
604
348
577
844
781
413
715
877
895
56
460
817
839
460
507
239
736
699
390
985
178
385
686
801
206
517
324
230
599
257
533
915
36
458
690
773
706
357
349
138
569
685
539
34
471
123
133
26
964
249
557
8
983
866
111
985
236
506
508
792
215
738
711
890
564
136
666
748
717
896
307
771
852
178
901
486
942
231
777
551
23
614
435
799
777
938
940
567
301
336
435
789
60
136
508
535
757
803
431
2
615
127
550
212
356
787
283
31
688
689
739
698
606
358
533
422
566
243
533
938
327
901
971
450
630
239
238
691
939
492
606
16
857
305
60
996
225
735
929
987
196
360
405
196
256
916
371
8
112
77
50
606
223
725
197
841
455
41
999
861
203
984
581
502
419
771
86
64
916
997
899
883
310
57
530
96
932
209
825
827
445
332
833
833
125
267
12
179
944
894
969
634
186
245
33
579
158
744
860
10
880
186
399
95
671
393
517
325
913
109
101
396
626
833
948
471
364
583
352
470
276
986
951
252
841
79
484
807
285
154
57
268
481
436
628
89
691
84
503
935
844
900
916
789
421
984
365
138
949
636
82
843
1
328
516
848
865
488
52
733
13
707
94
678
215
297
619
754
855
728
534
633
414
77
410
172
450
329
535
314
915
103
703
514
675
96
555
721
34
525
178
787
932
407
856
536
100
590
706
960
342
349
787
938
122
50
450
309
251
199
384
246
651
253
920
411
56
540
11
915
290
325
232
704
470
980
355
988
505
594
974
653
788
961
545
732
887
200
113
649
198
302
183
807
49
983
578
783
578
924
944
967
903
308
857
364
151
44
738
758
683
350
760
664
64
404
117
1000
535
466
261
113
953
482
172
770
39
529
876
315
680
1
512
989
156
422
183
190
35
222
970
411
675
862
976
685
375
12
247
987
324
521
363
965
864
331
354
781
179
656
102
426
102
762
194
664
805
224
692
314
769
277
41
54
384
821
59
454
225
65
321
98
16
741
917
133
612
463
492
724
77
795
163
18
482
754
741
824
6
600
793
202
492
219
251
882
753
528
722
122
71
29
507
943
246
651
150
416
653
147
3
170
231
310
247
537
540
515
589
135
422
254
4
445
97
451
504
739
365
214
136
897
656
598
523
111
808
674
308
202
801
184
207
761
697
534
563
875
815
595
483
438
596
386
484
773
123
822
943
632
464
951
565
992
424
661
376
994
33
238
515
749
162
635
747
422
56
920
947
652
319
54
859
737
757
153
628
658
792
439
886
810
84
391
828
819
915
698
559
841
956
205
78
548
240
438
356
727
57
204
283
915
997
571
566
368
941
463
886
157
440
149
1000
469
533
759
562
936
591
40
296
265
424
898
140
451
146
39
434
89
686
477
310
140
551
186
15
965
851
503
424
877
498
491
890
897
140
180
284
184
870
743
759
1000
556
339
18
659
686
868
36
235
329
906
553
832
624
169
759
362
611
3
38
847
293
941
696
187
837
98
880
637
805
864
13
10
821
41
601
820
807
212
254
285
379
894
196
78
627
489
927
218
463
387
99
850
832
555
900
361
498
84
213
344
848
478
768
352
212
964
948
986
628
949
886
342
544
622
320
225
245
569
686
595
599
373
391
176
697
575
202
71
752
835
100
697
204
771
769
465
646
776
144
298
402
740
970
772
930
756
419
491
292
571
428
549
448
346
823
629
783
267
869
847
565
804
37
546
381
80
805
736
464
913
531
283
293
736
277
796
850
2
267
71
451
633
116
316
769
879
697
590
115
134
184
67
235
432
254
79
251
661
246
953
578
246
484
980
744
954
751
203
809
47
477
588
739
877
702
519
711
370
245
19
880
341
225
116
73
136
826
24
103
10
585
621
249
162
673
302
197
874
676
525
167
90
896
865
665
982
901
41
750
145
453
965
389
458
506
716
141
854
156
451
716
984
828
196
985
101
334
880
299
516
263
780
306
960
969
352
309
512
623
762
294
459
434
416
457
875
232
625
772
168
683
281
522
147
620
209
280
864
232
529
472
492
940
344
398
493
929
785
728
972
569
811
585
454
202
788
581
533
386
936
159
964
663
728
768
153
279
239
360
761
800
18
984
360
642
953
664
430
308
181
217
897
520
387
386
971
822
473
538
613
473
507
400
357
33
630
728
918
955
578
428
380
642
101
877
323
510
129
375
835
597
248
809
678
914
277
795
940
686
286
748
591
300
781
945
758
664
965
594
305
630
36
113
296
500
28
951
900
790
714
986
404
622
172
495
751
47
614
267
688
872
489
552
836
683
344
103
694
892
165
914
988
177
920
20
13
322
444
457
866
165
699
594
315
414
839
345
972
432
270
741
501
59
937
450
181
64
970
448
765
159
492
887
612
376
575
249
501
635
510
554
678
969
153
291
499
862
689
254
292
570
894
672
563
536
973
734
363
721
922
173
327
696
398
910
705
413
223
725
83
960
345
991
149
134
982
115
314
7
759
15
731
522
184
707
193
905
14
492
489
615
289
108
477
862
61
387
357
263
319
566
583
567
878
595
107
961
482
567
102
732
627
196
568
146
897
42
936
159
664
425
93
953
145
825
804
419
126
825
11
884
991
67
403
272
266
176
979
210
80
58
238
616
860
87
704
659
822
460
239
815
422
174
801
617
336
83
568
957
680
357
750
41
690
13
862
40
862
277
819
96
513
362
962
106
177
944
417
665
50
177
494
384
752
85
973
871
341
977
477
470
382
868
287
203
841
469
836
896
373
930
312
582
708
739
754
139
336
171
617
851
241
337
298
873
247
78
165
43
765
521
959
229
220
961
76
591
613
765
875
837
402
178
87
265
743
425
463
424
836
50
743
968
455
201
112
409
963
206
724
925
456
94
370
712
354
953
832
227
423
106
321
787
355
403
419
490
253
142
406
377
708
696
703
108
412
701
546
555
59
453
28
608
392
719
250
183
610
651
442
466
135
827
685
906
361
251
331
927
99
645
952
850
216
681
703
539
970
715
49
812
200
19
418
285
580
531
62
222
924
396
350
355
588
37
324
330
299
644
685
542
844
2
688
476
460
521
20
81
586
495
846
378
420
795
543
13
47
550
403
267
653
626
614
184
259
186
265
659
529
235
128
590
175
617
644
735
185
313
21
45
613
894
767
879
849
353
288
694
873
833
877
440
782
591
214
313
50
25
143
659
518
33
222
901
200
95
219
122
854
875
354
748
310
484
612
689
640
583
453
991
569
760
918
15
235
62
872
24
897
49
437
396
223
108
744
631
878
722
355
422
542
298
924
712
274
23
274
700
163
324
711
87
55
878
937
192
713
437
290
952
412
683
284
170
703
765
818
891
981
696
592
785
336
397
727
926
415
178
826
838
88
430
911
816
475
170
344
848
364
400
212
163
230
787
441
468
464
696
184
64
227
716
986
645
999
163
300
964
442
679
852
380
109
625
874
934
783
620
20
806
427
743
142
697
496
290
551
996
870
662
646
429
836
962
909
59
487
329
528
46
603
676
77
763
20
485
954
292
960
553
237
481
129
968
994
254
130
224
758
860
741
971
555
611
235
63
712
766
522
380
371
491
752
898
958
297
18
407
108
999
186
697
57
593
427
351
39
166
936
841
100
907
627
887
83
922
15
664
747
37
244
250
754
689
523
852
766
522
31
584
75
764
119
139
728
793
407
593
50
797
293
944
131
626
105
419
930
129
15
739
776
694
412
333
977
834
810
327
960
595
337
622
541
425
911
371
328
837
728
47
861
570
512
49
524
949
276
267
628
772
512
61
863
325
535
1
133
4
721
54
168
693
650
36
221
950
302
760
618
723
469
454
700
861
932
176
335
680
769
260
224
987
210
581
408
253
839
521
712
434
442
539
879
90
61
439
454
227
619
852
990
619
84
583
799
68
555
34
191
535
680
979
279
396
473
910
512
645
144
111
161
398
186
737
969
686
620
173
562
395
667
784
593
232
29
191
729
338
374
139
626
169
393
348
979
101
274
156
89
325
242
307
535
738
411
646
487
574
584
582
412
92
242
177
724
165
494
151
532
62
399
148
291
829
217
190
919
900
161
60
20
801
47
542
192
951
381
108
961
731
904
87
136
469
383
736
241
504
408
583
526
13
376
175
746
887
74
206
662
724
376
211
46
695
650
282
793
23
646
839
996
998
367
894
574
417
828
851
361
986
253
691
495
366
973
37
395
618
729
877
612
6
787
941
797
917
544
578
16
949
663
184
210
784
288
416
331
90
417
926
159
774
479
942
524
741
3
832
856
897
360
948
622
44
207
419
896
746
316
991
87
210
702
422
311
62
860
275
407
332
696
559
359
610
617
377
781
383
1
340
626
151
465
196
337
651
552
983
355
657
735
238
560
898
766
249
107
203
827
18
616
307
449
766
742
257
532
112
33
177
624
14
197
154
306
833
353
264
86
882
147
907
164
751
78
558
952
588
541
628
744
827
41
541
980
147
97
847
691
333
914
375
691
911
399
144
140
639
905
37
258
685
876
465
269
730
405
817
831
799
9
810
395
772
470
264
326
86
926
981
728
621
840
815
185
298
338
312
487
673
352
185
441
228
46
362
872
349
547
269
590
805
383
35
249
579
163
807
591
752
190
238
651
721
745
283
872
438
3
635
833
207
236
225
143
383
378
257
688
698
641
189
158
377
310
174
915
901
237
872
577
176
654
254
472
714
864
434
845
161
444
950
221
213
940
833
437
558
447
414
277
851
799
154
821
533
230
871
32
998
588
76
649
513
988
300
210
228
39
816
62
895
187
550
475
335
657
307
415
219
868
903
486
316
95
682
740
196
804
271
450
923
767
19
678
262
996
840
392
285
802
377
819
466
153
634
570
827
584
310
636
976
298
216
515
812
827
478
921
114
713
549
273
64
644
991
298
411
292
540
870
10
652
455
667
641
285
357
988
145
925
424
254
83
512
562
757
184
780
862
618
259
91
664
572
670
901
539
933
660
53
973
444
181
945
496
890
127
949
798
194
227
460
949
186
296
225
709
133
419
296
956
686
59
422
132
242
200
284
499
894
755
83
953
124
537
529
189
773
166
945
172
950
125
199
105
792
177
255
949
731
566
180
335
729
996
78
514
853
373
729
840
932
393
450
396
526
538
178
425
842
559
388
521
762
453
970
166
263
796
138
300
926
977
130
854
22
50
805
955
165
188
174
452
479
328
689
25
712
425
45
411
480
218
259
388
955
166
217
467
992
13
71
718
309
32
164
813
764
138
780
931
669
55
256
788
273
464
848
947
824
627
624
921
187
701
521
402
343
246
978
499
620
494
571
603
901
980
533
403
894
972
897
301
677
794
869
415
567
956
178
517
793
307
305
191
964
186
62
162
778
44
900
585
133
335
870
226
891
256
424
577
162
977
773
411
893
531
749
212
789
356
693
460
185
514
700
524
743
902
265
581
382
147
798
412
225
316
708
66
152
610
141
563
565
985
543
525
269
304
825
551
503
99
549
399
412
899
795
574
183
713
161
431
758
500
706
339
163
158
416
79
473
184
637
438
347
49
812
62
454
283
495
9
777
492
758
190
445
893
361
466
531
681
278
831
955
517
100
323
799
669
653
301
473
616
919
718
251
836
858
648
924
299
546
818
110
41
491
105
460
692
490
917
628
638
803
466
599
318
620
808
810
788
886
174
342
921
970
864
300
959
915
180
673
486
882
545
568
149
942
276
8
943
668
141
84
815
668
904
974
729
584
492
374
977
233
325
257
154
166
28
722
828
940
452
695
403
285
936
459
898
461
788
595
896
890
837
203
52
312
42
259
817
7
637
924
313
671
830
523
255
400
633
52
856
737
137
341
841
300
909
988
965
266
469
919
594
432
538
635
253
313
213
81
394
947
143
28
262
664
915
525
958
208
116
220
382
534
245
971
616
467
757
428
363
266
167
326
495
816
225
415
738
863
105
86
201
346
472
484
347
713
423
383
645
721
357
266
604
745
771
960
685
302
348
428
59
754
833
517
376
519
99
527
126
824
881
577
390
52
166
674
380
212
543
676
948
449
241
368
697
29
855
255
55
566
536
780
8
963
47
330
269
640
908
774
307
195
141
277
399
330
287
235
422
893
421
231
983
665
266
131
5
51
437
348
141
296
347
538
856
562
60
264
110
405
432
375
218
566
180
733
875
387
630
666
899
308
348
740
512
322
708
570
642
763
746
325
390
580
362
365
851
786
851
667
619
694
843
708
369
981
823
64
824
541
427
409
888
120
215
791
82
668
12
185
452
490
390
569
797
692
862
629
692
94
688
681
809
321
229
548
803
52
459
975
217
300
158
575
575
870
508
633
261
654
152
464
395
166
835
60
12
807
731
520
193
473
541
286
3
316
84
449
97
265
910
769
772
99
661
747
753
255
99
233
940
947
379
609
224
109
790
996
473
604
919
337
731
599
74
193
601
915
465
437
812
89
465
56
59
996
572
268
304
46
364
933
616
239
770
151
201
869
169
343
962
549
532
128
769
959
492
404
954
634
288
905
174
46
338
838
71
972
724
375
899
556
734
219
746
210
611
869
39
976
7
899
233
430
461
959
10
540
143
402
187
514
717
500
208
143
997
83
648
684
648
500
864
792
750
975
536
754
878
382
703
215
442
747
192
525
193
645
49
845
287
296
494
751
8
225
196
530
7
564
183
963
580
647
840
857
358
794
533
125
451
808
806
917
712
250
909
148
614
929
661
900
378
734
504
510
886
888
858
855
500
698
613
809
655
29
813
735
414
89
74
293
515
335
599
105
557
911
510
325
455
726
128
811
298
154
998
9
349
829
497
279
740
918
289
422
733
360
62
804
130
299
155
705
458
387
871
590
846
345
248
378
25
550
289
193
838
257
241
11
543
752
636
548
251
276
677
721
148
912
361
38
862
570
808
69
296
868
878
941
813
646
317
36
516
526
595
109
672
964
398
988
661
723
836
682
501
888
992
522
834
416
197
119
622
44
124
967
294
371
424
454
507
914
908
822
420
175
272
201
109
751
590
261
261
209
638
301
32
834
777
235
52
815
674
128
535
653
255
157
166
798
912
890
400
966
84
850
548
937
442
442
892
774
361
716
648
676
732
847
496
552
581
151
182
184
697
885
880
150
165
143
71
253
993
850
310
340
70
215
528
670
720
44
632
467
79
775
739
519
824
150
888
113
358
171
32
288
242
987
186
328
362
935
162
661
658
22
482
165
163
966
549
700
328
850
570
147
313
848
864
659
778
406
913
307
539
452
595
775
162
892
763
379
660
209
180
872
674
309
948
439
341
704
866
119
155
935
770
704
519
679
816
465
759
196
586
348
806
818
750
439
123
180
380
608
403
11
69
822
596
645
355
775
923
125
427
473
440
850
394
582
900
653
83
800
942
30
958
669
485
647
148
549
468
565
611
777
786
305
988
415
882
25
471
851
871
951
983
297
818
175
360
883
311
590
303
112
420
674
273
85
516
604
272
497
36
628
626
4
223
388
129
203
777
507
892
33
410
753
956
334
591
435
983
330
597
258
32
9
697
352
679
22
128
807
335
918
11
761
609
924
126
396
515
373
329
285
989
509
196
33
724
905
211
273
954
118
309
938
159
545
749
677
874
68
570
578
822
634
671
608
376
486
727
537
221
492
930
624
645
779
835
550
600
521
328
311
53
494
721
964
160
729
793
685
526
780
848
280
858
46
991
24
890
364
750
356
8
457
690
348
885
619
802
720
753
427
772
658
844
286
575
664
364
550
471
340
782
179
98
49
627
294
596
272
327
46
2
700
955
48
246
394
614
13
318
340
23
657
805
552
837
40
235
649
761
843
178
120
663
890
997
734
905
229
798
95
259
202
96
666
512
222
72
942
218
683
834
88
38
336
835
295
770
157
713
688
752
37
820
4
993
345
424
733
805
787
917
700
831
793
965
150
295
134
327
949
984
980
17
991
135
104
483
586
97
607
748
432
483
529
297
294
262
547
284
884
766
467
933
749
26
477
338
939
674
271
281
190
742
111
533
321
58
291
688
3
672
695
884
122
377
366
958
632
835
619
999
544
758
819
764
769
59
220
276
250
901
601
209
29
364
604
857
52
689
754
125
743
990
537
141
176
772
771
514
841
923
48
91
729
279
100
816
405
640
789
908
236
700
455
587
993
948
8
563
336
793
704
714
921
348
578
848
216
857
262
263
572
609
691
560
865
751
541
341
215
939
371
75
575
190
226
283
319
617
62
299
38
89
493
821
906
270
773
170
485
179
314
727
859
634
554
890
8
411
505
778
351
937
511
876
100
427
390
260
877
367
13
136
964
41
463
876
586
881
317
477
974
389
364
536
44
539
732
464
93
781
853
765
581
567
679
932
446
995
783
70
256
361
28
33
303
635
880
168
694
271
193
528
727
248
900
36
373
850
278
547
649
156
612
479
242
594
582
999
149
958
462
159
439
537
925
382
632
787
409
905
447
401
536
207
528
187
790
7
633
203
81
578
217
317
89
900
617
214
873
144
899
592
720
213
567
331
709
551
445
776
203
583
56
957
936
216
258
794
477
701
584
725
771
162
494
782
57
962
506
577
921
756
851
698
74
804
305
169
852
744
867
88
288
585
830
228
514
573
675
379
511
978
624
270
83
934
138
744
103
504
318
784
804
231
886
470
777
277
622
430
413
646
138
124
505
996
222
200
549
515
11
345
339
624
159
77
741
302
117
919
869
262
18
171
779
920
8
951
945
739
492
657
766
383
105
242
668
216
349
393
367
549
434
924
213
784
734
163
698
742
971
265
313
548
28
924
414
258
460
594
668
928
363
324
251
235
896
350
427
826
669
201
11
769
871
244
514
699
722
838
561
356
326
88
672
100
6
968
630
587
647
405
43
509
14
707
29
536
251
397
502
64
358
942
807
401
849
775
259
636
298
925
518
471
685
828
244
174
639
53
138
872
643
52
360
966
798
896
512
546
816
780
770
984
939
521
712
800
265
359
650
527
813
893
692
948
963
834
871
381
917
166
915
724
20
721
175
724
385
483
977
486
396
726
782
803
630
907
792
471
736
797
846
546
949
418
663
533
268
844
845
815
794
612
236
567
415
313
353
465
881
12
57
821
79
818
300
215
867
454
283
787
301
188
211
506
997
673
456
178
571
890
612
404
459
83
990
580
479
464
148
253
126
96
258
295
77
979
114
518
529
164
491
124
995
979
130
718
868
85
942
675
610
806
47
218
1
820
781
89
350
30
860
107
391
926
172
189
63
580
89
552
782
973
896
651
24
366
261
680
805
529
789
272
702
936
649
257
208
672
465
886
110
896
210
450
296
6
976
927
164
157
374
986
142
152
989
151
783
983
472
509
786
855
184
467
608
290
15
707
617
998
240
537
933
314
900
840
753
952
385
18
671
164
896
112
11
175
284
669
738
918
498
673
673
236
891
863
993
454
481
44
584
27
615
124
669
336
503
213
667
119
747
590
777
233
647
321
343
707
453
306
464
358
652
444
228
268
473
881
92
173
945
819
913
818
690
754
77
634
821
474
49
745
158
522
21
918
851
242
57
192
288
872
628
293
876
411
756
560
818
72
521
929
173
549
630
617
403
702
52
447
589
128
362
165
478
52
276
191
648
591
908
319
759
397
508
696
785
352
838
400
463
671
419
337
518
345
458
949
157
109
143
572
370
372
93
290
447
762
995
837
991
909
607
847
21
234
812
962
554
6
640
775
116
504
197
722
51
180
967
589
245
5
745
814
693
696
140
375
538
242
62
370
263
467
582
754
237
955
188
337
901
701
173
766
145
722
810
400
439
676
211
676
199
156
30
780
22
271
640
194
96
825
276
174
646
582
550
961
283
400
72
977
619
149
668
15
59
21
20
844
334
673
66
304
185
99
649
356
831
509
619
897
395
470
713
73
385
297
219
773
734
813
864
345
896
394
836
62
268
442
293
553
315
16
499
277
110
189
546
860
245
384
798
490
533
148
576
551
128
24
105
367
516
874
903
924
492
875
844
200
994
258
670
342
148
851
707
762
83
223
584
439
768
921
111
530
656
940
369
21
17
462
355
410
112
439
944
749
438
105
248
65
651
31
738
715
352
818
54
212
817
236
279
422
178
316
460
631
642
179
205
164
262
620
951
534
669
648
393
881
624
668
388
570
339
924
166
421
535
101
260
515
679
270
114
29
36
174
962
309
320
768
932
364
402
474
469
173
988
520
754
451
678
218
109
199
868
338
100
707
157
45
893
741
986
875
699
198
391
45
595
712
495
304
359
981
745
897
100
559
66
43
648
719
988
650
705
993
635
593
999
17
42
365
166
398
849
374
724
481
384
769
53
548
196
456
531
545
923
304
633
386
96
290
36
123
18
883
767
903
130
336
427
535
283
707
142
93
994
844
691
869
276
506
656
247
708
764
636
516
413
640
375
168
136
409
194
21
991
639
914
732
612
474
587
499
622
470
99
966
652
783
234
631
337
891
773
803
849
557
881
674
141
966
199
907
669
3
437
985
933
473
686
598
594
138
530
185
952
865
73
483
243
176
365
10
104
617
690
7
307
78
175
444
771
375
230
728
97
7
528
380
57
176
383
437
841
425
245
526
89
959
532
565
390
520
361
888
940
375
103
187
656
761
315
493
349
900
352
758
589
560
502
598
81
456
34
701
650
282
206
873
93
849
949
871
540
804
225
415
53
325
633
468
96
562
836
626
636
966
955
655
439
529
433
727
475
68
282
201
435
880
287
674
603
178
674
248
985
102
300
602
109
87
707
172
546
718
611
661
832
777
637
373
164
461
58
951
434
863
932
250
132
423
322
231
508
32
721
228
203
200
605
186
754
921
225
326
279
802
171
782
544
79
451
929
38
647
318
658
162
937
799
482
859
531
959
605
503
195
123
125
254
475
171
625
799
901
776
144
299
771
906
23
875
263
687
373
548
350
842
668
130
538
256
273
760
221
108
252
115
446
325
969
204
23
160
431
383
466
812
435
235
449
508
860
793
507
423
14
294
558
39
917
641
665
234
490
414
407
65
102
910
676
747
683
411
109
433
612
543
455
226
412
149
228
691
751
353
322
401
262
922
161
786
46
652
185
588
2
942
6
125
895
861
492
469
492
471
415
793
384
642
259
788
120
574
417
470
728
264
565
601
939
611
741
484
96
821
445
947
326
610
510
272
367
998
914
897
85
242
734
233
550
598
110
583
519
691
995
106
856
532
614
922
323
137
395
624
707
627
371
363
21
669
579
711
574
598
906
708
821
775
379
668
171
460
241
864
118
589
600
862
706
571
766
121
381
713
933
414
674
132
907
116
657
903
478
753
16
845
601
978
245
980
496
413
610
483
849
148
605
15
45
181
716
364
998
537
587
114
973
760
281
162
564
778
666
889
764
863
101
78
446
332
868
730
701
827
788
683
146
746
515
840
582
901
191
375
375
371
914
635
512
853
408
747
61
326
586
254
807
633
396
937
117
49
46
325
915
950
878
503
795
491
132
527
192
875
1
798
233
542
130
822
932
557
939
932
179
556
179
291
818
826
138
561
654
815
258
898
379
958
697
867
972
289
786
904
660
780
764
214
543
785
31
391
36
568
993
1000
499
971
142
628
388
48
245
944
49
664
149
397
725
211
912
900
216
553
274
48
686
307
705
747
878
470
280
799
463
956
112
551
458
804
841
970
473
306
886
379
63
342
327
967
749
606
621
717
142
866
690
92
274
101
584
892
47
183
60
601
590
627
567
469
356
494
418
249
619
125
428
974
166
667
977
461
980
63
885
66
516
779
734
265
842
517
1000
697
287
96
951
346
808
978
74
251
834
578
258
298
115
164
104
137
792
210
39
663
584
486
720
81
973
808
863
214
552
651
874
154
84
742
199
209
631
990
832
534
808
688
62
581
93
366
366
570
555
379
303
998
2
51
199
191
948
107
108
428
390
497
130
487
89
237
482
832
652
75
303
952
614
519
175
870
6
860
407
710
171
44
146
759
574
126
193
114
94
252
268
43
102
486
285
423
982
123
832
802
241
113
922
592
274
619
464
265
838
874
275
844
413
304
235
619
892
627
654
575
340
929
668
290
465
424
413
897
531
885
295
279
929
856
38
564
772
792
350
242
364
56
174
258
894
479
784
89
604
985
270
937
767
659
752
153
580
696
672
955
392
69
534
483
422
899
574
901
74
913
219
80
54
586
799
416
666
189
321
597
724
31
246
15
319
107
535
939
109
12
921
856
56
647
355
333
651
914
922
442
39
210
480
435
322
168
325
283
981
219
129
107
636
931
477
602
642
29
292
180
706
513
255
9
932
158
384
405
565
109
500
485
723
856
495
271
214
27
402
666
783
520
112
275
15
249
176
648
311
112
452
450
612
768
399
668
958
39
888
913
136
157
712
360
774
5
99
90
469
360
978
255
636
721
287
995
594
51
418
29
957
326
597
226
951
18
486
112
539
172
462
389
309
690
165
735
383
153
931
250
30
518
514
299
299
7
371
439
118
532
275
241
181
997
681
174
264
621
328
270
918
905
57
247
540
427
902
14
201
955
375
780
252
905
940
383
680
933
862
104
228
885
562
466
807
728
294
760
749
824
504
928
331
62
578
234
655
17
919
509
457
916
370
753
107
488
987
930
972
140
676
614
990
111
127
769
762
532
95
71
315
820
30
181
140
105
270
912
702
403
796
372
296
199
935
964
340
653
904
772
405
329
842
256
307
276
90
390
926
285
957
282
771
805
463
797
449
844
542
567
241
534
299
628
647
175
672
151
89
719
598
855
811
141
482
402
11
276
547
235
845
306
140
327
856
184
31
753
594
398
780
872
317
239
12
495
319
356
140
161
511
973
810
454
46
652
321
121
82
34
67
854
304
166
386
379
673
166
324
778
554
84
803
282
447
628
739
818
704
266
453
69
519
697
209
93
892
661
291
332
21
768
4
800
136
492
244
897
124
456
981
654
187
315
568
812
52
780
358
68
179
637
241
857
222
325
263
517
503
553
548
59
642
5
93
64
658
856
118
302
642
613
609
796
688
272
162
877
956
650
419
53
704
2
305
496
683
915
630
407
92
245
814
462
328
197
214
800
302
570
821
158
133
693
991
653
552
97
244
945
485
283
503
96
509
997
131
331
407
479
433
121
723
482
641
120
427
666
542
649
785
760
122
127
361
439
541
334
654
812
834
705
794
277
218
268
75
974
256
569
225
368
497
404
98
790
325
299
83
823
646
771
559
34
480
570
885
6
92
281
380
421
304
702
75
717
766
813
659
157
121
914
671
522
781
596
845
72
224
799
513
502
845
906
88
403
101
235
74
14
377
702
255
862
916
432
337
774
15
843
146
215
949
960
656
128
29
563
776
710
636
314
104
304
639
603
227
980
78
246
596
999
774
750
182
744
250
86
105
67
426
112
568
202
900
919
12
454
926
67
1000
589
340
562
656
85
976
419
196
43
689
126
824
252
420
886
348
110
58
215
105
320
450
570
400
342
354
396
464
641
149
761
837
471
590
725
961
81
85
100
360
296
565
340
731
286
470
382
356
49
800
518
602
216
409
749
742
419
768
42
27
67
571
995
51
561
413
427
194
927
876
321
856
579
251
554
967
7
979
826
223
965
436
398
177
152
462
440
685
672
549
10
254
927
453
946
853
257
746
75
60
238
734
513
146
425
210
101
104
992
588
905
353
264
338
284
706
156
645
668
94
481
465
379
141
797
507
572
782
209
582
418
253
804
605
908
232
729
540
670
679
932
429
234
196
613
853
411
163
181
751
338
7
400
375
267
747
953
643
885
707
800
442
45
514
511
295
717
959
955
252
513
921
27
628
317
1
155
129
831
114
114
9
965
258
426
932
149
473
269
743
413
537
421
905
229
635
772
799
558
173
664
21
766
835
869
369
120
276
320
838
20
262
144
983
10
659
280
376
237
9
235
200
646
609
66
608
278
219
92
520
154
683
945
807
475
176
268
295
31
191
475
933
177
965
879
262
712
978
597
737
326
181
969
627
771
62
806
647
781
829
110
387
733
43
523
234
697
177
435
374
687
303
409
302
833
334
103
361
853
31
413
795
926
138
395
590
349
151
313
983
422
519
759
175
34
953
806
641
334
669
985
946
125
732
413
672
933
353
614
809
53
135
544
69
633
805
30
698
825
984
474
118
50
26
976
567
463
705
451
583
862
763
234
198
22
699
436
350
309
949
446
666
103
469
830
810
100
119
740
737
913
136
567
294
194
311
148
928
991
934
914
613
925
945
356
741
371
175
57
580
890
578
695
477
517
230
314
656
909
702
947
90
883
456
386
337
482
618
869
295
860
196
841
127
927
73
740
61
825
597
738
840
656
679
341
819
635
346
562
210
883
37
264
840
373
108
476
374
133
573
459
51
894
741
652
147
426
253
599
175
300
844
222
402
714
511
265
495
706
63
642
56
323
598
161
574
663
809
599
668
216
621
868
362
43
621
915
235
342
671
834
581
328
755
141
790
454
294
730
867
835
775
742
74
91
596
26
79
176
899
755
85
309
557
288
236
331
426
411
389
384
811
878
936
533
142
70
358
157
465
416
463
568
612
983
879
592
725
965
778
543
458
39
503
962
377
832
403
125
349
498
890
327
172
88
861
680
506
140
306
974
732
871
168
835
836
857
680
465
953
907
176
593
496
362
173
298
6
845
32
263
437
771
855
993
666
654
138
762
359
394
979
143
638
344
574
351
445
776
522
720
415
495
280
588
683
355
964
285
699
481
669
221
724
723
661
577
933
743
785
739
285
92
516
111
253
265
593
910
740
613
708
164
444
457
124
604
928
591
705
557
582
306
16
312
809
108
496
168
860
429
117
139
25
108
498
396
447
45
772
819
799
84
462
447
988
839
219
496
742
815
173
569
672
564
375
285
211
412
566
579
173
356
715
526
996
186
950
600
138
478
289
708
642
343
392
87
111
112
881
324
799
475
556
221
735
524
379
214
800
339
985
967
275
892
294
698
706
319
616
366
30
213
278
459
54
576
779
898
576
210
584
572
375
65
739
644
374
336
718
894
943
910
812
240
229
970
145
89
399
90
137
965
715
884
841
199
584
374
597
475
174
486
269
731
409
958
949
845
755
267
245
386
823
893
22
195
222
685
620
175
167
255
407
787
848
4
254
96
170
240
100
946
583
945
37
35
841
667
144
547
779
889
785
277
220
31
654
75
838
9
983
670
576
743
786
127
507
138
554
891
446
269
846
442
461
608
271
601
355
769
294
335
533
424
43
865
335
15
798
757
533
24
696
214
648
453
581
766
799
925
879
248
225
33
402
406
882
55
641
919
714
675
23
992
799
878
637
664
809
173
107
920
951
634
92
230
217
337
761
595
790
844
196
977
450
110
440
899
444
955
108
842
52
783
260
177
317
766
356
612
787
426
702
2
735
297
64
457
576
912
399
897
690
115
454
125
623
775
668
492
813
374
314
657
665
381
672
76
652
977
9
717
11
357
855
819
825
260
193
947
730
372
596
348
590
186
443
672
550
995
967
42
500
494
599
330
988
295
629
314
181
108
710
174
787
564
953
57
332
379
353
537
208
822
501
234
107
171
220
847
512
289
68
773
821
622
857
498
363
122
654
553
266
657
845
79
423
662
549
910
288
144
541
799
529
280
851
256
749
424
577
301
626
747
105
262
306
441
651
895
297
391
703
87
63
676
918
34
632
319
81
861
618
641
653
910
272
419
559
426
899
810
196
874
245
194
839
947
865
674
780
552
693
133
265
152
358
366
478
354
591
40
23
262
551
791
586
658
230
165
934
695
463
433
341
111
364
5
670
890
683
156
605
973
41
339
415
93
860
705
671
551
22
557
838
342
165
669
444
69
545
157
307
810
122
490
320
773
452
538
817
962
186
936
928
566
976
781
553
143
156
907
199
510
259
479
55
490
937
540
82
255
963
253
672
510
341
924
340
754
222
581
479
337
51
872
124
151
899
902
29
687
363
621
804
368
688
600
624
358
652
804
306
235
521
402
630
604
812
204
375
577
127
253
281
313
910
214
192
652
665
115
561
753
333
58
299
115
541
338
353
680
173
147
516
574
828
270
190
758
940
102
994
559
201
172
765
442
324
277
273
688
407
507
656
926
291
671
819
734
33
442
624
11
343
785
218
824
142
124
640
20
171
573
487
978
646
945
386
712
465
391
664
168
561
396
684
702
339
649
825
298
957
357
366
410
863
131
173
978
334
184
942
35
761
388
955
278
845
590
595
42
551
203
915
26
383
47
102
649
372
991
492
471
708
549
179
785
683
515
659
730
729
861
664
419
157
829
534
826
962
273
903
183
593
527
272
743
563
267
458
779
192
562
569
774
842
170
445
929
910
945
833
978
862
522
875
4
840
321
52
638
843
320
260
726
819
655
559
99
336
868
302
53
959
814
980
768
369
916
897
812
952
217
61
445
317
716
569
799
857
639
852
913
330
867
923
488
62
198
273
916
422
253
831
93
884
189
155
12
44
258
414
897
487
947
347
183
380
25
686
827
746
789
284
77
532
565
742
93
329
656
93
51
480
655
824
254
339
210
2
384
57
20
694
767
562
849
239
353
862
205
130
744
48
467
475
223
207
538
954
213
873
473
515
631
139
700
220
636
35
473
120
44
880
581
467
94
420
803
217
670
646
80
376
327
949
795
70
286
207
615
168
578
938
219
222
447
780
847
51
462
30
773
950
1
541
969
423
505
403
277
919
524
533
445
212
924
365
275
378
483
225
157
681
671
428
371
311
176
116
51
363
867
356
623
909
918
281
512
916
811
253
522
65
270
662
329
585
749
835
211
803
953
774
806
163
778
519
460
221
310
1000
494
406
549
933
870
717
773
901
793
319
675
561
674
1
156
943
365
487
39
968
45
75
730
373
630
494
983
375
270
574
821
226
352
440
307
828
156
151
997
678
639
151
952
414
64
557
533
924
924
606
231
310
465
937
453
320
831
512
250
282
799
320
736
489
727
126
396
135
24
379
809
222
190
310
633
56
890
211
48
135
148
845
173
871
198
5
414
831
48
488
485
178
601
439
423
866
829
485
247
186
573
17
779
229
438
342
175
283
829
100
882
57
832
904
742
354
238
375
464
948
224
931
144
711
100
539
647
1000
950
896
302
362
887
519
579
607
160
375
933
738
105
352
159
621
244
977
27
326
645
287
926
674
41
41
322
883
492
428
88
505
597
41
402
880
480
823
150
534
117
142
589
614
367
627
257
887
240
26
751
989
901
335
895
929
892
98
162
447
830
418
89
413
184
216
180
211
263
852
534
85
9
309
444
921
73
28
40
493
994
742
314
560
376
259
63
18
519
350
552
994
401
340
883
739
153
445
130
509
260
363
8
174
930
840
638
32
591
338
896
930
63
917
17
573
378
475
981
632
769
786
545
560
690
959
720
436
397
421
229
41
698
753
761
357
98
826
480
340
21
105
464
639
600
510
591
691
253
365
68
396
916
475
201
396
507
769
161
503
575
744
59
856
952
708
207
751
223
720
309
826
725
512
197
523
208
676
377
167
411
719
372
309
501
958
985
462
697
900
436
89
616
704
235
844
66
692
133
620
106
679
568
563
284
626
808
866
879
836
225
88
384
783
95
751
599
785
75
18
936
37
809
391
917
932
311
682
747
869
856
14
103
265
506
28
398
218
840
612
283
778
16
16
398
249
91
570
128
26
881
121
162
341
566
979
779
921
396
227
536
527
409
553
168
319
301
760
464
811
119
595
745
329
945
398
41
836
276
57
636
224
982
959
725
137
702
293
31
219
546
318
566
988
685
979
924
696
425
801
341
610
903
981
586
429
166
820
707
262
989
350
232
231
204
164
37
905
571
941
423
758
840
750
822
883
815
512
993
43
773
590
451
893
663
69
167
532
80
957
122
928
55
105
358
980
416
814
634
460
530
903
214
474
464
141
632
880
905
44
236
544
714
886
857
601
58
430
90
377
358
554
736
570
645
914
405
416
846
823
764
727
870
764
697
332
675
771
319
379
301
837
622
401
263
660
842
859
762
557
276
250
444
351
298
952
772
737
26
658
753
219
491
872
421
125
358
354
802
573
803
193
174
741
866
862
530
786
208
817
830
419
470
685
942
213
457
727
903
467
377
439
792
157
630
843
667
57
314
476
49
957
793
668
217
440
932
113
305
214
136
69
136
655
150
322
140
677
905
483
757
11
288
244
829
74
236
105
688
41
982
940
852
250
146
130
92
147
623
534
335
76
311
547
190
173
925
138
573
682
870
928
238
947
51
422
583
31
37
523
261
9
906
658
410
886
254
467
146
919
779
433
550
817
824
879
349
241
827
332
112
300
584
314
970
698
403
263
250
143
266
697
571
867
149
498
155
919
905
305
590
110
833
38
533
1
509
531
430
231
953
677
221
486
388
679
448
503
42
202
529
474
997
667
558
315
569
97
401
209
263
577
467
741
19
584
384
868
594
298
346
36
530
492
938
197
146
879
532
258
783
957
740
44
29
149
533
79
188
719
905
22
95
727
333
577
142
719
258
301
100
358
785
155
959
574
993
250
455
681
749
340
655
782
720
56
949
439
498
941
487
705
242
68
776
18
501
268
953
43
525
109
